0 50 -120
0 15 0
0 1 0
45
2
100 100 -50	1 1 1	1 0 0
-100 100 -50	0.8 0.8 1	1 0 0
7
solid	1 0.2 0.2
solid	0.2 0.2 1
solid	0.2 1 0.2
solid	1 1 0.2
solid	0.2 1 1
solid	1 0.2 1
checker	0.1 0.1 0.1		0.9 0.9 0.9		20 
2
0.30 0.70 0.00	1	0.0 0.0 0.0
0.20 0.50 0.30	50	0.3 0.0 0.0
11
6 0 sphere		0	-1000	0		1000 
0 1 sphere		0	15	50		15 
1 0 polyhedron 5
0	1	0	-27.5
0	-1	0	2.5
1.0	0	0.0	33.0
-0.4999999999999998	0	0.8660254037844387	-51.820508075688764
-0.5000000000000004	0	-0.8660254037844384	-17.17949192431125
2 0 polyhedron 6
0	1	0	-27.5
0	-1	0	2.5
1.0	0	0.0	3.0
6.123233995736766e-17	0	1.0	-32.0
-1.0	0	1.2246467991473532e-16	-27.000000000000004
-1.8369701987210297e-16	0	-1.0	7.999999999999997
3 0 polyhedron 7
0	1	0	-27.5
0	-1	0	2.5
1.0	0	0.0	-27.0
0.30901699437494745	0	0.9510565162951535	-35.65638524152728
-0.8090169943749473	0	0.5877852522924732	-11.620450130225255
-0.8090169943749476	0	-0.587785252292473	11.890959961473673
0.30901699437494723	0	-0.9510565162951536	2.3858754102788646
4 0 polyhedron 8
0	1	0	-27.5
0	-1	0	2.5
1.0	0	0.0	-57.0
0.5000000000000001	0	0.8660254037844386	-51.82050807568878
-0.4999999999999998	0	0.8660254037844387	-6.820508075688782
-1.0	0	1.2246467991473532e-16	33.0
-0.5000000000000004	0	-0.8660254037844384	27.820508075688785
0.5000000000000001	0	-0.8660254037844386	-17.179491924311236
5 1 polyhedron 4
0	-1	0	0
-0.48507125007266594	-0.24253562503633297	-0.8401680504168059	-14.552137502179978
0.9701425001453319	-0.24253562503633308	-2.65322357796172e-16	50.932481257629924
-0.48507125007266566	-0.24253562503633297	0.8401680504168061	-14.552137502179967
0 1 polyhedron 5
0	-1	0	0
-0.6666666666666666	-0.3333333333333333	-0.6666666666666666	0.0
0.6666666666666666	-0.3333333333333333	-0.6666666666666667	20.0
0.6666666666666667	-0.3333333333333333	0.6666666666666665	20.000000000000004
-0.6666666666666665	-0.3333333333333333	0.6666666666666669	3.552713678800501e-15
1 1 polyhedron 6
0	-1	0	0
-0.7499818036699581	-0.3749909018349791	-0.5448936755963916	22.499454110098746
0.2864675580579732	-0.3749909018349791	-0.8816564873698207	6.952713684179773
0.9270284912239695	-0.37499090183497913	-9.33863398966444e-17	-2.65570031331017
0.2864675580579735	-0.37499090183497913	0.8816564873698207	6.952713684179768
-0.749981803669958	-0.3749909018349791	0.5448936755963918	22.499454110098743
2 1 polyhedron 7
0	-1	0	0
-0.7947194142390263	-0.39735970711951313	-0.4588314677411236	47.68316485434158
-1.0867312211386669e-16	-0.3973597071195131	-0.9176629354822471	11.920791213585398
0.7947194142390263	-0.3973597071195132	-0.4588314677411236	-23.84158242717079
0.7947194142390264	-0.3973597071195132	0.45883146774112316	-23.841582427170792
1.0867312211386664e-16	-0.397359707119513	0.9176629354822471	11.920791213585389
-0.7947194142390263	-0.3973597071195132	0.4588314677411237	47.68316485434158
3 0 polyhedron 6
0	1	0	-25.0
0	-1	0	5.0
1	0	0	-10.0
-1	0	0	-10.0
0	0	1	-40.0
0	0	-1	20.0
