50 35 -80
0 15 0
0 1 0
55
3
60 80 -60	1 1 1	1 0 0
-40 60 -40	0.7 0.8 1	1 0 0
0 50 50	1 0.7 0.9	1 0 0
6
solid	1 0.3 0.3
solid	0.3 0.5 1
solid	0.3 1 0.5
solid	0.8 0.3 1
solid	0.3 1 1
solid	0.15 0.12 0.18
2
0.20 0.30 0.50	100	0.6 0.0 0.0
0.30 0.70 0.00	1	0.0 0.0 0.0
11
5 1 sphere		0	-1000	0		1000 
0 0 polyhedron 4
0	-1	0	0
-0.49561395034131744	-0.13216372009101798	-0.8584285429310802	3.9649116027305396
0.9912279006826346	-0.13216372009101798	-3.8121885334300395e-16	3.964911602730539
-0.49561395034131694	-0.13216372009101793	0.8584285429310802	3.964911602730537
1 0 polyhedron 5
0	-1	0	0
-0.6931032800836721	-0.19802950859533486	-0.6931032800836721	-3.46551640041836
0.693103280083672	-0.19802950859533489	-0.6931032800836721	31.189647603765238
0.6931032800836722	-0.19802950859533486	0.6931032800836718	17.32758200209181
-0.693103280083672	-0.19802950859533486	0.6931032800836723	-17.327582002091802
2 0 polyhedron 6
0	-1	0	0
-0.7929608131087638	-0.19824020327719094	-0.5761197537652275	12.768145647458208
0.3028840788607944	-0.19824020327719094	-0.9321813431823586	-14.48967603318992
0.9801534684959382	-0.19824020327719089	-2.1158144196298258e-16	-14.05234367815742
0.3028840788607948	-0.19824020327719089	0.9321813431823585	13.475764262280826
-0.7929608131087634	-0.19824020327719089	0.576119753765228	30.051738260415036
3 0 polyhedron 7
0	-1	0	0
-0.8414257153105098	-0.23665098243108088	-0.48579736323759626	-17.193488372802967
-0.0	-0.23665098243108088	-0.9715947264751925	-16.717036724085226
0.8414257153105098	-0.23665098243108088	-0.48579736323759626	8.049283086512329
0.84142571531051	-0.23665098243108093	0.4857973632375959	32.33915124839214
0.0	-0.2366509824310809	0.9715947264751925	31.8626995996744
-0.8414257153105098	-0.23665098243108093	0.4857973632375964	7.0963797890768525
4 0 polyhedron 4
0	-1	0	0
-0.49643841924346105	-0.11914522061843066	-0.8598565649588537	35.068914391941675
0.9928768384869221	-0.11914522061843072	-3.3942490890397017e-16	-26.80767463914689
-0.49643841924346077	-0.11914522061843058	0.8598565649588538	0.6746517935875129
0 0 polyhedron 5
0	-1	0	0
-0.6948615819181192	-0.1852964218448318	-0.6948615819181192	33.353355932069725
0.6948615819181192	-0.1852964218448318	-0.6948615819181192	12.507508474526144
0.6948615819181192	-0.1852964218448318	0.6948615819181191	-22.23557062137981
-0.6948615819181189	-0.1852964218448318	0.6948615819181194	-1.3897231638362477
1 0 polyhedron 6
0	-1	0	0
-0.7917878727738892	-0.2052783373858231	-0.5752675627291284	-23.963796701090736
0.3024360555196481	-0.2052783373858231	-0.930802469121042	5.307572083796245
0.978703634508482	-0.20527833738582302	0.0	34.90362414467168
0.3024360555196486	-0.2052783373858231	0.9308024691210419	23.9236214662171
-0.791787872773889	-0.2052783373858231	0.5752675627291287	-12.45844544650816
2 0 polyhedron 4
0	-1	0	0
-0.49541508402214957	-0.13511320473331354	-0.8580840963623673	-16.329636294450175
0.990830168044299	-0.13511320473331354	-3.3872523407863877e-16	-5.449565924243654
-0.4954150840221493	-0.13511320473331354	0.8580840963623674	35.15540948729186
3 0 polyhedron 7
0	-1	0	0
-0.8464147390303179	-0.21160368475757949	-0.4886777774252207	10.619970287534732
-0.0	-0.2116036847575795	-0.9773555548504418	24.625599531190744
0.8464147390303178	-0.21160368475757946	-0.4886777774252211	19.084117677837916
0.846414739030318	-0.2116036847575795	0.4886777774252205	-0.4629934191709122
2.893553707307346e-16	-0.21160368475757946	0.9773555548504418	-14.468622662826927
-0.8464147390303179	-0.21160368475757949	0.4886777774252207	-8.927140809474096
4 0 polyhedron 5
0	-1	0	0
-0.6940262199971469	-0.19145550896473015	-0.6940262199971469	26.372996359891584
0.6940262199971468	-0.19145550896473015	-0.6940262199971469	-8.328314639965761
0.6940262199971469	-0.19145550896473015	0.6940262199971469	-15.268576839937232
-0.6940262199971468	-0.1914555089647302	0.694026219997147	19.432734159920113
