80 60 -80
0 5 0
0 1 0
45
2
50 100 -50	1 1 1	1 0 0
-50 80 -50	0.6 0.6 0.8	1 0 0
3
solid	0.9 0.9 0.9
solid	0.1 0.1 0.1
checker	0.2 0.15 0.1		0.9 0.85 0.8		10 
2
0.30 0.60 0.10	10	0.0 0.0 0.0
0.20 0.40 0.40	80	0.3 0.0 0.0
21
2 0 polyhedron 6
0	1	0	1.0
0	-1	0	-3.0
1	0	0	-40.0
-1	0	0	-40.0
0	0	1	-40.0
0	0	-1	-40.0
0 1 polyhedron 10
0	1	0	-9.0
0	-1	0	1.0
1.0	0	0.0	32.0
0.7071067811865476	0	0.7071067811865475	35.890872965260115
6.123233995736766e-17	0	1.0	17.000000000000004
-0.7071067811865475	0	0.7071067811865476	-13.606601717798213
-1.0	0	1.2246467991473532e-16	-38.0
-0.7071067811865477	0	-0.7071067811865475	-41.89087296526012
-1.8369701987210297e-16	0	-1.0	-23.000000000000007
0.7071067811865474	0	-0.7071067811865477	7.606601717798204
0 1 polyhedron 10
0	1	0	-9.0
0	-1	0	1.0
1.0	0	0.0	22.0
0.7071067811865476	0	0.7071067811865475	28.81980515339464
6.123233995736766e-17	0	1.0	17.0
-0.7071067811865475	0	0.7071067811865476	-6.535533905932734
-1.0	0	1.2246467991473532e-16	-27.999999999999996
-0.7071067811865477	0	-0.7071067811865475	-34.81980515339464
-1.8369701987210297e-16	0	-1.0	-23.000000000000004
0.7071067811865474	0	-0.7071067811865477	0.5355339059327324
0 1 polyhedron 10
0	1	0	-9.0
0	-1	0	1.0
1.0	0	0.0	12.0
0.7071067811865476	0	0.7071067811865475	21.748737341529164
6.123233995736766e-17	0	1.0	17.0
-0.7071067811865475	0	0.7071067811865476	0.5355339059327395
-1.0	0	1.2246467991473532e-16	-17.999999999999996
-0.7071067811865477	0	-0.7071067811865475	-27.748737341529164
-1.8369701987210297e-16	0	-1.0	-23.000000000000004
0.7071067811865474	0	-0.7071067811865477	-6.535533905932741
0 1 polyhedron 10
0	1	0	-9.0
0	-1	0	1.0
1.0	0	0.0	2.0
0.7071067811865476	0	0.7071067811865475	14.677669529663687
6.123233995736766e-17	0	1.0	17.0
-0.7071067811865475	0	0.7071067811865476	7.606601717798214
-1.0	0	1.2246467991473532e-16	-7.999999999999997
-0.7071067811865477	0	-0.7071067811865475	-20.67766952966369
-1.8369701987210297e-16	0	-1.0	-23.0
0.7071067811865474	0	-0.7071067811865477	-13.606601717798215
0 1 polyhedron 10
0	1	0	-9.0
0	-1	0	1.0
1.0	0	0.0	-8.0
0.7071067811865476	0	0.7071067811865475	7.6066017177982115
6.123233995736766e-17	0	1.0	17.0
-0.7071067811865475	0	0.7071067811865476	14.677669529663689
-1.0	0	1.2246467991473532e-16	2.0000000000000027
-0.7071067811865477	0	-0.7071067811865475	-13.606601717798211
-1.8369701987210297e-16	0	-1.0	-23.0
0.7071067811865474	0	-0.7071067811865477	-20.67766952966369
0 1 polyhedron 10
0	1	0	-9.0
0	-1	0	1.0
1.0	0	0.0	-18.0
0.7071067811865476	0	0.7071067811865475	0.535533905932736
6.123233995736766e-17	0	1.0	17.0
-0.7071067811865475	0	0.7071067811865476	21.748737341529164
-1.0	0	1.2246467991473532e-16	12.000000000000002
-0.7071067811865477	0	-0.7071067811865475	-6.535533905932734
-1.8369701987210297e-16	0	-1.0	-22.999999999999996
0.7071067811865474	0	-0.7071067811865477	-27.748737341529164
0 1 polyhedron 10
0	1	0	-9.0
0	-1	0	1.0
1.0	0	0.0	-28.0
0.7071067811865476	0	0.7071067811865475	-6.5355339059327395
6.123233995736766e-17	0	1.0	17.0
-0.7071067811865475	0	0.7071067811865476	28.81980515339464
-1.0	0	1.2246467991473532e-16	22.000000000000004
-0.7071067811865477	0	-0.7071067811865475	0.5355339059327431
-1.8369701987210297e-16	0	-1.0	-22.999999999999996
0.7071067811865474	0	-0.7071067811865477	-34.81980515339463
0 1 polyhedron 10
0	1	0	-9.0
0	-1	0	1.0
1.0	0	0.0	-38.0
0.7071067811865476	0	0.7071067811865475	-13.606601717798219
6.123233995736766e-17	0	1.0	16.999999999999996
-0.7071067811865475	0	0.7071067811865476	35.890872965260115
-1.0	0	1.2246467991473532e-16	32.0
-0.7071067811865477	0	-0.7071067811865475	7.606601717798219
-1.8369701987210297e-16	0	-1.0	-22.999999999999993
0.7071067811865474	0	-0.7071067811865477	-41.890872965260115
0 1 polyhedron 6
0	1	0	-11.0
0	-1	0	1.0
1.0	0	0.0	31.0
6.123233995736766e-17	0	1.0	26.000000000000004
-1.0	0	1.2246467991473532e-16	-38.99999999999999
-1.8369701987210297e-16	0	-1.0	-34.00000000000001
0 1 polyhedron 6
0	1	0	-11.0
0	-1	0	1.0
1.0	0	0.0	-39.0
6.123233995736766e-17	0	1.0	25.999999999999996
-1.0	0	1.2246467991473532e-16	31.000000000000004
-1.8369701987210297e-16	0	-1.0	-33.99999999999999
1 1 polyhedron 10
0	1	0	-9.0
0	-1	0	1.0
1.0	0	0.0	32.0
0.7071067811865476	0	0.7071067811865475	7.606601717798215
6.123233995736766e-17	0	1.0	-22.999999999999996
-0.7071067811865475	0	0.7071067811865476	-41.890872965260115
-1.0	0	1.2246467991473532e-16	-38.0
-0.7071067811865477	0	-0.7071067811865475	-13.606601717798222
-1.8369701987210297e-16	0	-1.0	16.999999999999993
0.7071067811865474	0	-0.7071067811865477	35.890872965260115
1 1 polyhedron 10
0	1	0	-9.0
0	-1	0	1.0
1.0	0	0.0	22.0
0.7071067811865476	0	0.7071067811865475	0.5355339059327395
6.123233995736766e-17	0	1.0	-23.0
-0.7071067811865475	0	0.7071067811865476	-34.81980515339464
-1.0	0	1.2246467991473532e-16	-28.000000000000004
-0.7071067811865477	0	-0.7071067811865475	-6.535533905932743
-1.8369701987210297e-16	0	-1.0	16.999999999999996
0.7071067811865474	0	-0.7071067811865477	28.81980515339464
1 1 polyhedron 10
0	1	0	-9.0
0	-1	0	1.0
1.0	0	0.0	12.0
0.7071067811865476	0	0.7071067811865475	-6.535533905932736
6.123233995736766e-17	0	1.0	-23.0
-0.7071067811865475	0	0.7071067811865476	-27.748737341529164
-1.0	0	1.2246467991473532e-16	-18.000000000000004
-0.7071067811865477	0	-0.7071067811865475	0.5355339059327342
-1.8369701987210297e-16	0	-1.0	16.999999999999996
0.7071067811865474	0	-0.7071067811865477	21.748737341529164
1 1 polyhedron 10
0	1	0	-9.0
0	-1	0	1.0
1.0	0	0.0	2.0
0.7071067811865476	0	0.7071067811865475	-13.606601717798211
6.123233995736766e-17	0	1.0	-23.0
-0.7071067811865475	0	0.7071067811865476	-20.67766952966369
-1.0	0	1.2246467991473532e-16	-8.000000000000002
-0.7071067811865477	0	-0.7071067811865475	7.606601717798211
-1.8369701987210297e-16	0	-1.0	17.0
0.7071067811865474	0	-0.7071067811865477	14.677669529663692
1 1 polyhedron 10
0	1	0	-9.0
0	-1	0	1.0
1.0	0	0.0	-8.0
0.7071067811865476	0	0.7071067811865475	-20.67766952966369
6.123233995736766e-17	0	1.0	-23.0
-0.7071067811865475	0	0.7071067811865476	-13.606601717798213
-1.0	0	1.2246467991473532e-16	1.9999999999999976
-0.7071067811865477	0	-0.7071067811865475	14.677669529663687
-1.8369701987210297e-16	0	-1.0	17.0
0.7071067811865474	0	-0.7071067811865477	7.606601717798219
1 1 polyhedron 10
0	1	0	-9.0
0	-1	0	1.0
1.0	0	0.0	-18.0
0.7071067811865476	0	0.7071067811865475	-27.748737341529164
6.123233995736766e-17	0	1.0	-23.0
-0.7071067811865475	0	0.7071067811865476	-6.535533905932738
-1.0	0	1.2246467991473532e-16	11.999999999999998
-0.7071067811865477	0	-0.7071067811865475	21.748737341529164
-1.8369701987210297e-16	0	-1.0	17.000000000000004
0.7071067811865474	0	-0.7071067811865477	0.5355339059327449
1 1 polyhedron 10
0	1	0	-9.0
0	-1	0	1.0
1.0	0	0.0	-28.0
0.7071067811865476	0	0.7071067811865475	-34.81980515339464
6.123233995736766e-17	0	1.0	-23.0
-0.7071067811865475	0	0.7071067811865476	0.5355339059327378
-1.0	0	1.2246467991473532e-16	21.999999999999996
-0.7071067811865477	0	-0.7071067811865475	28.81980515339464
-1.8369701987210297e-16	0	-1.0	17.000000000000004
0.7071067811865474	0	-0.7071067811865477	-6.535533905932727
1 1 polyhedron 10
0	1	0	-9.0
0	-1	0	1.0
1.0	0	0.0	-38.0
0.7071067811865476	0	0.7071067811865475	-41.890872965260115
6.123233995736766e-17	0	1.0	-23.000000000000004
-0.7071067811865475	0	0.7071067811865476	7.60660171779821
-1.0	0	1.2246467991473532e-16	31.999999999999996
-0.7071067811865477	0	-0.7071067811865475	35.890872965260115
-1.8369701987210297e-16	0	-1.0	17.000000000000007
0.7071067811865474	0	-0.7071067811865477	-13.606601717798206
1 1 polyhedron 6
0	1	0	-11.0
0	-1	0	1.0
1.0	0	0.0	31.0
6.123233995736766e-17	0	1.0	-34.0
-1.0	0	1.2246467991473532e-16	-39.00000000000001
-1.8369701987210297e-16	0	-1.0	25.999999999999993
1 1 polyhedron 6
0	1	0	-11.0
0	-1	0	1.0
1.0	0	0.0	-39.0
6.123233995736766e-17	0	1.0	-34.0
-1.0	0	1.2246467991473532e-16	30.999999999999996
-1.8369701987210297e-16	0	-1.0	26.000000000000007
